image: map.pgm
resolution: 0.05
origin: [-4.99524, -2.88121, 0.0000]
negate: 0
occupied_thresh: 0.65
free_thresh: 0.196
